2,0,0,0.000000000000000000,0.0100,,,,,,    May 24 2023   
-.0555014737761,15, 1
 1,0,0,0,'111S044.POW ',' Z= 1 1 1Se 4 4 4 4 6               03/24/23,OK , dq'
0.92505,0.44818,1.31750,1.20593,
 4, 4, 0, 4, 4, 6,
-.0555019484825,15, 1
 1,0,0,0,'111S068.POW ',' Z= 1 1 1Se 5 5 5 5 6               03/24/23,OK , dq'
0.95294,0.45953,1.51758,1.37292,
 5, 5, 0, 5, 5, 6,
-.0555020182531,15, 1
 1,0,0,0,'111S100.POW ',' Z= 1 1 1Se 6 6 6 6 6               03/24/23,OK , dq'
0.95874,0.47253,1.84686,1.51306,
 6, 6, 0, 6, 6, 6,
-.0555020306682,15, 1
 1,0,0,0,'111S140.POW ',' Z= 1 1 1Se 7 7 7 7 6               03/24/23,OK , dq'
0.93604,0.49097,1.72699,1.76282,
 7, 7, 0, 7, 7, 6,
-.0555020326294,15, 1
 1,0,0,0,'111S189.POW ',' Z= 1 1 1Se 8 8 8 8 6               03/24/23,OK , dq'
0.90717,0.48932,2.23083,1.90448,
 8, 8, 0, 8, 8, 6,
-.0555020329943,15, 1
 1,0,0,0,'111S248.POW ',' Z= 1 1 1Se 9 9 9 9 6               03/24/23,OK , dq'
0.94897,0.50787,2.11230,2.29462,
 9, 9, 0, 9, 9, 6,
-.0555020330683,15, 1
 1,0,0,0,'111S317.POW ',' Z= 1 1 1Se10101010 6               03/24/23,OK , dq'
0.94952,0.51642,2.49506,2.58875,
10,10, 0,10,10, 6,
-.0555020330742,15, 1
 1,0,0,0,'111S324.POW ',' Z= 1 1 1Se1010 22121 6             03/31/23,OK , dq'
0.94318,0.51178,2.41522,2.52606,5.21161,6.88867,
10,10, 2, 0,21,21, 6,
-.0555020330839,15, 1
 1,0,0,0,'111S398.POW ',' Z= 1 1 1Se11111111 6               03/24/23,OK , dq'
1.00317,0.52612,2.50275,2.98407,
11,11, 0,11,11, 6,
-.0555020330862,15, 1
 1,0,0,0,'111S411.POW ',' Z= 1 1 1Se1111 32121 6            005/08/23,OK , dq'
0.96771,0.51636, 2.32593, 2.75012, 7.60333,10.04565,
11,11, 3, 0,21,21, 6,
-.0555020330876,15, 1
 1,0,0,0,'111S490.POW ',' Z= 1 1 1Se12121212 6               03/24/23,OK , dq'
1.00928,0.53632,2.93695,3.33044,
12,12, 0,12,12, 6,
-.0555020330884,15, 1
 1,0,0,0,'111S512.POW ',' Z= 1 1 1Se1212 42121 6            005/08/23,OK , dq'
0.95459,0.51447,2.85590,2.62823,8.57446,7.20648,
12,12, 4, 0,21,21, 6,
-.0555020330884,15, 1
 1,0,0,0,'111S596.POW ',' Z= 1 1 1Se13131313 6               03/24/23,OK , dq'
1.06201,0.54120,3.16541,3.62775,
13,13, 0,13,13, 6,
-.0555020330887,15, 1
 1,0,0,0,'111S630.POW ',' Z= 1 1 1Se1313 52121 6            005/02/23,OK , dq'
0.97699,0.51782, 2.51416, 2.90997,10.75574,10.58557,
13,13, 5, 0,21,21, 6,
-.0555020330887,15, 1
 1,0,0,0,'111S714.POW ',' Z= 1 1 1Se14141414 6               03/24/23,OK , dq'
1.08173,0.55408,3.41547,4.14423,
14,14, 0,14,14, 6,
-.0555020330887,15, 1
 1,0,0,0,'111S764.POW ',' Z= 1 1 1Se1414 62121 6            005/02/23,OK , dq'
0.98438,0.52106, 2.56445, 3.05536,10.93927,10.98083,
14,14, 6, 0,21,21, 6,
-.0555020330887,15, 1
 1,0,0,0,'111S848.POW ',' Z= 1 1 1Se15151515 6               03/24/23,OK , dq'
1.13403,0.55737,3.83362,4.34845,
15,15, 0,15,15, 6,
-.0555020330888,15, 1
 1,0,0,0,'111S918.POW ',' Z= 1 1 1Se1515 72121 6            005/02/23,OK , dq'
0.98541,0.52057, 2.79517, 2.90778,11.18195,11.10388,
15,15, 7, 0,21,21, 6,
-.0555020330887,15, 1
 1,0,0,0,'111S995.POW ',' Z= 1 1 1Se16161616 6               03/24/23,OK , dq'
1.16583,0.57068,4.08301,4.89618,
16,16, 0,16,16, 6,
-.0555020330888,15, 1
 1,0,0,0,'111S1089.POW',' Z= 1 1 1Se1616 82121 6            005/02/23,OK , dq'
1.00378,0.52698, 3.23102, 2.80475,13.56256,12.57587,
16,16, 8, 0,21,21, 6,
-.0555020330888,15, 1
 1,0,0,0,'111S1160.POW',' Z= 1 1 1Se17171717 6               03/24/23,OK , dq'
1.21552,0.57349,4.33838,5.26495,
17,17, 0,17,17, 6,
-.0555020330888,15, 1
 1,0,0,0,'111S1283.POW',' Z= 1 1 1Se1717 92121 6            005/02/23,OK , dq'
1.01569,0.53217, 3.03375, 3.23108,13.96143,14.79395,
17,17, 9, 0,21,21, 6,
-.0555020330888,15, 1
 1,0,0,0,'111S1339.POW',' Z= 1 1 1Se18181818 6               03/24/23,OK , dq'
1.26477,0.58466,4.76813,5.72156,
18,18, 0,18,18, 6,
-.0555020330888,15, 1
 1,0,0,0,'111S1495.POW',' Z= 1 1 1Se1818102121 6            005/02/23,OK , dq'
1.05072,0.53766, 3.44965, 3.02368,13.97961,16.89752,
18,18,10, 0,21,21, 6,
-.0555020330888,15, 1
 1,0,0,0,'111S1538.POW',' Z= 1 1 1Se19191919 6               03/24/23,OK , dq'
1.29938,0.58942,5.08160,6.07849,
19,19, 0,19,19, 6,
-.0555020330888,15, 1
 1,0,0,0,'111S1733.POW',' Z= 1 1 1Se1919112121 6            005/02/23,OK , dq'
1.07867,0.54596, 3.54315, 3.13013,16.54047,18.61371,
19,19,11, 0,21,21, 6,
-.0555020330888,15, 1
 1,0,0,0,'111S1752.POW',' Z= 1 1 1Se20202020 6               03/24/23,OK , dq'
1.33948,0.60175,5.38507,6.64502,
20,20, 0,20,20, 6,
-.0555020330888,15, 1
 1,0,0,0,'111S1990.POW',' Z= 1 1 1Se2020122121 6            005/08/23,OK , dq'
1.13422,0.55310, 3.70734, 3.30707,17.98907,20.86987,
20,20,12, 0,21,21, 6,
-.0555020330888,15, 1
 1,0,0,0,'111S2276.POW',' Z= 1 1 1Se2121132121 6            005/08/23,OK , dq'
1.11597,0.55328, 3.35168, 4.14240,21.89539,23.45044,
21,21,13, 0,21,21, 6,
-.0555020330888,15, 1
 1,0,0,0,'111S2581.POW',' Z= 1 1 1Se2222142121 6            005/08/23,OK , dq'
1.14233,0.56158, 3.58929, 4.20728,22.34015,26.62207,
22,22,14, 0,21,21, 6,
-.0555020330888,15, 1
 1,0,0,0,'111S2920.POW',' Z= 1 1 1Se2323152323 6            005/08/23,OK , dq'
1.16718,0.56567, 3.64587, 4.41040,25.57684,28.78955,
23,23,15, 0,23,23, 6,
-.0555020330888,15, 1
 1,0,0,0,'111S3279.POW',' Z= 1 1 1Se2424162424 6            005/08/23,OK , dq'
1.17938,0.57141, 3.80505, 4.43146,25.44916,29.16791,
24,24,16, 0,24,24, 6,
-.0555020330888,15, 1
 1,0,0,0,'111S3673.POW',' Z= 1 1 1Se2525172525 6            004/05/23,OK , dq'
1.20312,0.59052, 3.94720, 4.67383,31.02875,33.99225,
25,25,17, 0,25,25, 6,
-.0555020330888,15, 1
 1,0,0,0,'111S4089.POW',' Z= 1 1 1Se2626182626 6            004/21/23,OK , dq'
1.25110,0.58270, 4.07794, 5.00787,32.74268,37.26581,
26,26,18, 0,26,26, 6,
-.0555020330888,15, 1
 1,0,0,0,'111S4543.POW',' Z= 1 1 1Se2727192727 6            004/21/23,OK , dq'
1.24884,0.58429, 4.08746, 4.85638,35.80231,39.06213,
27,27,19, 0,27,27, 6,
-.0555020330888,15, 1
 1,0,0,0,'111S5020.POW',' Z= 1 1 1Se2828202828 6            004/25/23,OK , dq'
1.29236,0.59253, 4.23492, 5.04492,36.63916,43.09741,
28,28,20, 0,28,28, 6,
-.0555020330888,15, 1
 1,0,0,0,'111S5538.POW',' Z= 1 1 1Se2929212929 6            004/28/23,OK , dq'
1.30750,0.59192, 4.36969, 5.20490,38.30682,46.62305,
29,29,21, 0,29,29, 6,
-.0555020330888,15, 1
 1,0,0,0,'111S6077.POW',' Z= 1 1 1Se3030222828 6            004/28/23,OK , dq'
1.33813,0.60175, 4.38287, 5.25604,40.36450,49.09332,
30,30,22, 0,28,28, 6,
-.0555020330888,15, 1
 1,0,0,0,'111S6659.POW',' Z= 1 1 1Se3131232828 6            005/08/23,OK , dq'
1.36200,0.60901, 4.90875, 5.84399,47.16235,57.55835,
31,31,23, 0,28,28, 6,
-.0555020330888,15, 1
 1,0,0,0,'111S7264.POW',' Z= 1 1 1Se3232242828 6            005/10/23,OK , dq'
1.40082,0.61798, 4.96521, 5.99915,48.65417,58.94086,
32,32,24, 0,28,28, 6,
-.0555020330888,15, 1
 1,0,0,0,'111S7776.POW',' Z= 1 1 1Se3333242828 6            005/10/23,OK , dq'
1.39984,0.61890, 5.41913, 6.07428,52.51776,62.86682,
33,33,24, 0,28,28, 6,
-.0555020330888,15, 1
 1,0,0,0,'111S8465.POW',' Z= 1 1 1Se3434253030 6            005/15/23,OK , dq'
1.41565,0.64081, 5.53235, 6.62878,57.45801,66.37061,
34,34,25, 0,30,30, 6,
-.0555020330888,15, 1
 1,0,0,0,'111S9185.POW',' Z= 1 1 1Se3535263131 6            005/23/23,NDG, dq'
1.41730,0.62732, 5.54132, 6.18878,57.67542,66.43994,
35,35,26, 0,31,31, 6,
0/
0/
