3,0,0,0.000000000000000000,0.0100,,,,,,    Mar 15 2023                            
0/                                                                                
-0.0555020328688377061098312, 1, 1
 1,0,0,0,'111S251.POW ',' Z= 1 1 1Se                        09/11/23,, NDG, d'
 0.95459, 0.51447, 2.85529, 2.62848, 8.57404, 7.20593,
 9, 9, 1, 1,21,21, 6,
 -1.3744D-09  4.6690D-11  2.6997D-10  2.8641D-10 -2.4630D-13  8.8577D-13
     0.95459     0.51447     2.85529     2.62848     8.57404     7.20593
     0.96414     0.50932     2.82673     2.60219     8.65978     7.13387
0/                                                                                
