3,0,0,0.000000000000000000,0.0100,,,,,,    Mar 15 2023                            
0/                
-0.0555020330862466356888775,15, 1                                                
 1,0,0,0,'111S411.POW ',' Z= 1 1 1Se                        05/08/23,,OK , dq'    
 0.96771, 0.51636, 2.32593, 2.75012, 7.60333,10.04565,                            
11,11, 3, 1,21,21, 6,                                                             
  1.6241D-14 -1.0760D-13  4.0935D-15 -4.3715D-15 -1.5526D-17  3.4419D-17          
     0.96771     0.51636     2.32593     2.75012     7.60333    10.04565          
     0.96759     0.51648     2.32581     2.75024     7.60345    10.04553                                                                 
-0.0555020330884021041798137,11, 1                                                
 1,0,0,0,'111S512.POW ',' Z= 1 1 1Se                        05/08/23,,OK , dq'    
 0.95459, 0.51447, 2.85590, 2.62823, 8.57446, 7.20648,                            
12,12, 4, 1,21,21, 6,                                                             
 -7.6579D-16 -1.2894D-14  1.3426D-16 -3.4133D-17  1.8053D-16  1.7896D-16          
     0.95459     0.51447     2.85590     2.62823     8.57446     7.20648          
     0.95471     0.51459     2.85577     2.62836     8.57434     7.20557          
-0.0555020330887020713211416,15, 1                                                
 1,0,0,0,'111S630.POW ',' Z= 1 1 1Se                        05/02/23,,OK , dq'    
 0.97699, 0.51782, 2.51416, 2.90997,10.75574,10.58557,                            
13,13, 5, 1,21,21, 6,                                                             
  1.6252D-15 -8.0744D-15  1.2327D-16 -1.0311D-16 -5.4621D-16 -2.6368D-16          
     0.97699     0.51782     2.51416     2.90997    10.75574    10.58557          
     0.97681     0.51794     2.51349     2.91010    10.75610    10.58740          
-0.0555020330887473844176898,15, 1                                                
 1,0,0,0,'111S764.POW ',' Z= 1 1 1Se                        05/02/23,,OK , dq'    
 0.98438, 0.52106, 2.56445, 3.05536,10.93927,10.98083,                            
14,14, 6, 1,21,21, 6,                                                             
 -9.3943D-17  5.5414D-17  5.8169D-18  2.3370D-17 -2.3992D-16 -5.2701D-18          
     0.98438     0.52106     2.56445     3.05536    10.93927    10.98083          
     0.98450     0.52094     2.56427     3.05511    10.94049    10.98108          
-0.0555020330887532387173999,15, 1                                                
 1,0,0,0,'111S918.POW ',' Z= 1 1 1Se                        05/02/23,,OK , dq'    
 0.98541, 0.52057, 2.79517, 2.90778,11.18195,11.10388,                            
15,15, 7, 1,21,21, 6,                                                             
  8.2722D-17 -1.5124D-16  2.3162D-17  4.9265D-18 -2.9277D-17 -9.7470D-17          
     0.98541     0.52057     2.79517     2.90778    11.18195    11.10388          
     0.98529     0.52069     2.79492     2.90765    11.18207    11.10956          
-0.0555020330887541689498065,15, 1                                                
 1,0,0,0,'111S1089.POW',' Z= 1 1 1Se                        05/02/23,,OK , dq'    
 1.00378, 0.52698, 3.23102, 2.80475,13.56256,12.57587,                            
16,16, 8, 1,21,21, 6,                                                             
 -4.1035D-18  1.8300D-17  7.8336D-20  1.5765D-18 -1.0863D-19 -2.3671D-20          
     1.00378     0.52698     3.23102     2.80475    13.56256    12.57587          
     1.00500     0.52686     3.23090     2.80432    13.56421    12.57623          
-0.0555020330887543499966359,15, 1                                                
 1,0,0,0,'111S1283.POW',' Z= 1 1 1Se                        05/02/23,,OK , dq'    
 1.01569, 0.53217, 3.03375, 3.23108,13.96143,14.79395,                            
17,17, 9, 1,21,21, 6,                                                             
 -2.2795D-18 -1.7231D-17  5.0210D-18 -7.8142D-20 -2.8698D-19 -1.2938D-19          
     1.01569     0.53217     3.03375     3.23108    13.96143    14.79395          
     1.01605     0.53229     3.03125     3.23120    13.96484    14.80139          
-0.0555020330887543824645606,15, 1                                                
 1,0,0,0,'111S1495.POW',' Z= 1 1 1Se                        05/02/23,,OK , dq'    
 1.05072, 0.53766, 3.44965, 3.02368,13.97961,16.89752,                            
18,18,10, 1,21,21, 6,                                                             
  3.4362D-18 -5.8426D-18 -1.0181D-20 -4.0040D-19  1.9226D-20  1.5987D-20          
     1.05072     0.53766     3.44965     3.02368    13.97961    16.89752          
     1.04614     0.53802     3.44995     3.02649    13.96265    16.88763          
-0.0555020330887543904062915,15, 1                                                
 1,0,0,0,'111S1733.POW',' Z= 1 1 1Se                        05/02/23,,OK , dq'    
 1.07867, 0.54596, 3.54315, 3.13013,16.54047,18.61371,                            
19,19,11, 1,21,21, 6,                                                             
  1.7135D-19 -1.2887D-18 -1.4669D-20 -5.5029D-20 -6.3550D-21  6.9568D-21          
     1.07867     0.54596     3.54315     3.13013    16.54047    18.61371          
     1.07794     0.54639     3.54474     3.13220    16.54968    18.60242          
-0.0555020330887543924792161,15, 1                                                
 1,0,0,0,'111S1990.POW',' Z= 1 1 1Se                        05/08/23,,OK , dq'    
 1.13422, 0.55310, 3.70734, 3.30707,17.98907,20.86987,                            
20,20,12, 1,21,21, 6,                                                             
  2.1981D-18 -1.5906D-18  4.9037D-20 -8.7350D-20 -4.7011D-21  6.4277D-21          
     1.13422     0.55310     3.70734     3.30707    17.98907    20.86987          
     1.10681     0.55328     3.69568     3.31390    18.07874    20.83148          
-0.0555020330887543930502550,15, 1                                                
 1,0,0,0,'111S2276.POW',' Z= 1 1 1Se                        05/08/23,,OK , dq'    
 1.11597, 0.55328, 3.35168, 4.14240,21.89539,23.45044,                            
21,21,13, 1,21,21, 6,                                                             
 -8.3439D-21 -1.5401D-20 -9.3320D-22 -5.9085D-21  7.3110D-22  3.1162D-22          
     1.11597     0.55328     3.35168     4.14240    21.89539    23.45044          
     1.11664     0.55341     3.35260     4.15283    21.79626    23.44440          
-0.0555020330887543931416563,15, 1                                                
 1,0,0,0,'111S2581.POW',' Z= 1 1 1Se                        05/08/23,,OK , dq'    
 1.14233, 0.56158, 3.58929, 4.20728,22.34015,26.62207,                            
22,22,14, 1,21,21, 6,                                                             
  1.2652D-21  2.1614D-21 -1.1694D-21  1.6936D-22  4.9552D-22 -1.3446D-22          
     1.14233     0.56158     3.58929     4.20728    22.34015    26.62207          
     1.14185     0.56146     3.58954     4.20715    22.31238    26.65564          
-0.0555020330887543931711475,15, 1                                                
 1,0,0,0,'111S2920.POW',' Z= 1 1 1Se                        05/08/23,,OK , dq'    
 1.16718, 0.56567, 3.64587, 4.41040,25.57684,28.78955,                            
23,23,15, 1,23,23, 6,                                                             
  5.3591D-22  3.3496D-21 -1.3401D-21 -7.5832D-23 -5.7012D-23  3.0783D-23          
     1.16718     0.56567     3.64587     4.41040    25.57684    28.78955          
     1.16553     0.56537     3.65845     4.41113    26.94525    28.72925          
-0.0555020330887543931776714,15, 1                                                
 1,0,0,0,'111S3279.POW',' Z= 1 1 1Se                        05/08/23,,OK , dq'    
 1.17938, 0.57141, 3.80505, 4.43146,25.44916,29.16791,                            
24,24,16, 1,24,24, 6,                                                             
 -1.1644D-21  1.0691D-22  3.1696D-22 -1.0500D-22 -1.6590D-22 -1.5942D-22          
     1.17938     0.57141     3.80505     4.43146    25.44916    29.16791          
     1.18097     0.57129     3.78613     4.44800    25.45215    29.17126          
-0.0555020330887543931804690,15, 1                                                
 1,0,0,0,'111S3673.POW',' Z= 1 1 1Se                        04/05/23,,OK , dq'    
 1.20312, 0.59052, 3.94720, 4.67383,31.02875,33.99225,                            
25,25,17, 1,25,25, 6,                                                             
 -4.0110D-23  1.3449D-20 -1.9815D-22 -1.5971D-22  1.4469D-24  2.3078D-24          
     1.20312     0.59052     3.94720     4.67383    31.02875    33.99225          
     1.20325     0.57697     3.96039     4.68091    30.97467    33.89288          
-0.0555020330887543931812408,15, 1                                                
 1,0,0,0,'111S4089.POW',' Z= 1 1 1Se                        04/21/23,,OK , dq'    
 1.25110, 0.58270, 4.07794, 5.00787,32.74268,37.26581,                            
26,26,18, 1,26,26, 6,                                                             
 -1.3464D-22 -2.7874D-22  5.3297D-23 -2.1255D-23 -5.3395D-25 -8.2268D-25          
     1.25110     0.58270     4.07794     5.00787    32.74268    37.26581          
     1.25836     0.58282     4.05884     5.01605    32.75299    37.31097          
-0.0555020330887543931814841,15, 1                                                
 1,0,0,0,'111S4543.POW',' Z= 1 1 1Se                        04/21/23,,OK , dq'    
 1.24884, 0.58429, 4.08746, 4.85638,35.80231,39.06213,                            
27,27,19, 1,27,27, 6,                                                             
 -4.2334D-23  4.9925D-24 -7.8238D-23 -7.6347D-23  2.5006D-24 -4.0860D-25          
     1.24884     0.58429     4.08746     4.85638    35.80231    39.06213          
     1.36121     0.58398     4.15302     4.95679    35.56836    39.10303          
-0.0555020330887543931815740,15, 1                                                
 1,0,0,0,'111S5020.POW',' Z= 1 1 1Se                        04/25/23,,OK , dq'    
 1.29236, 0.59253, 4.23492, 5.04492,36.63916,43.09741,                            
28,28,20, 1,28,28, 6,                                                             
 -5.0882D-24  2.3231D-23 -2.3705D-23 -2.5198D-23  7.1799D-25 -4.6085D-25          
     1.29236     0.59253     4.23492     5.04492    36.63916    43.09741          
     1.30560     0.59143     4.29840     5.16180    36.40045    43.20428          
-0.0555020330887543931816095,15, 1                                                
 1,0,0,0,'111S5538.POW',' Z= 1 1 1Se                        04/28/23,,OK , dq'    
 1.30750, 0.59192, 4.36969, 5.20490,38.30682,46.62305,                            
29,29,21, 1,29,29, 6,                                                             
 -3.9981D-24 -1.2626D-23 -6.7151D-24 -6.1761D-24 -3.4901D-25 -3.2676D-25          
     1.30750     0.59192     4.36969     5.20490    38.30682    46.62305          
     1.31024     0.60028     4.44812     5.34094    38.37787    46.62640          
-0.0555020330887543931816197,15, 1                                                
 1,0,0,0,'111S6077.POW',' Z= 1 1 1Se                        04/28/23,,OK , dq'    
 1.33813, 0.60175, 4.38287, 5.25604,40.36450,49.09332,                            
30,30,22, 1,28,28, 6,                                                             
 -1.4446D-25  3.6876D-24 -4.5827D-24 -4.7269D-24 -2.3952D-25 -4.8065D-26          
     1.33813     0.60175     4.38287     5.25604    40.36450    49.09332          
     1.34113     0.60010     4.47821     5.47443    40.55475    49.16998          
-0.0555020330887543931816265,15, 1                                                
 1,0,0,0,'111S6659.POW',' Z= 1 1 1Se                        05/08/23,,OK , dq'    
 1.36200, 0.60901, 4.90875, 5.84399,47.16235,57.55835,                            
31,31,23, 1,28,28, 6,                                                             
 -1.7637D-24 -7.5918D-24  2.6591D-25  2.7497D-25 -4.0308D-26 -2.8034D-27          
     1.36200     0.60901     4.90875     5.84399    47.16235    57.55835          
     1.37250     0.60980     4.89844     5.82849    47.16455    57.61285                   
-0.0555020330887543931816279,15, 1                                                
 1,0,0,0,'111S7264.POW',' Z= 1 1 1Se                        05/10/23,,OK , dq'    
 1.40082, 0.61798, 4.96521, 5.99915,48.65417,58.94086,                            
32,32,24, 1,28,28, 6,                                                             
 -3.2172D-25  7.7453D-25 -2.6439D-25 -2.2380D-25 -6.1427D-27 -4.4244D-27          
     1.40082     0.61798     4.96521     5.99915    48.65417    58.94086          
     1.41962     0.61700     4.97272     6.53906    48.66376    58.94952          
-0.0555020330887543931816284,15, 1                                                
 1,0,0,0,'111S7776.POW',' Z= 1 1 1Se                        05/10/23,,OK , dq'    
 1.39984, 0.61890, 5.41913, 6.07428,52.51776,62.86682,                            
33,33,24, 1,28,28, 6,                                                             
 -4.7270D-25 -3.5043D-24  1.8826D-25 -8.8104D-26 -1.3563D-26 -1.3101D-27          
     1.39984     0.61890     5.41913     6.07428    52.51776    62.86682          
     1.42053     0.62518     5.32623     6.50061    57.24438    62.99121          
-0.0555020330887543931816288,15, 1                                                
 1,0,0,0,'111S8465.POW',' Z= 1 1 1Se                        05/15/23,,OK , dq'    
 1.41565, 0.64081, 5.53235, 6.62878,57.45801,66.37061,                            
34,34,25, 1,30,30, 6,                                                             
 -9.8160D-26  4.6129D-25 -6.1942D-25  2.7320D-26  1.2830D-26  3.5697D-26          
     1.41565     0.64081     5.53235     6.62878    57.45801    66.37061          
     1.41577     0.64069     5.53607     6.62848    57.45789    66.29993          
-0.0555020330887543931816289, 1, 1
 1,0,0,0,'111S9185.POW',' Z= 1 1 1Se                        05/23/23,,NDG, dq'
 1.41730, 0.62732, 5.54132, 6.18878,57.67542,66.43994,
35,35,26, 1,31,31, 6,
 -3.2605D-26 -3.0714D-25 -4.9161D-26 -2.8476D-26 -1.7534D-27 -7.7406D-27
     1.41730     0.62732     5.54132     6.18878    57.67542    66.43994
     1.41858     0.62848     5.54645     6.25641    57.86505    66.92444
0/                                                                                
